3 4
5 3
2 5
3 9
10 7
6 9
6 4
9 7
8 4
9 2
1 9
6 9
6 5
8 1
2 7
10 4
10 5
8 4
7 6
4 10
10 2
3 4
9 7
3 10
4 2
117 60
1 9
55 56
36 128
23 66
69 5
85 59
53 108
41 120
67 20
28 14
13 84
58 13
53 71
56 116
82 24
55 72
43 117
122 113
7 52
19 115
28 115
84 45
106 114
115 16
837 349
498 717
925 200
346 91
469 716
513 76
948 732
823 578
64 444
104 800
405 92
331 584
730 794
961 360
770 929
451 926
356 527
376 467
268 850
87 386
155 699
842 20
949 931
438 399
942 260
768 289
84 708
65 202
758 980
263 804
823 770
438 737
767 847
639 271
165 352
854 498
566 538
681 260
289 192
730 734
6310 4053
3626 1832
858 6683
861 3601
7649 4655
601 1706
3907 4919
9201 5432
354 10095
272817 197525
