1 1
657148 696581
299425 543242
184458 153247
48228 502840
118097 791767
616714 692609
389579 465340
899096 121207
858608 898335
232735 321074
270103 337636
681835 952396
630738 661852
362927 259675
45380 769777
319217 771960
241601 926467
314392 300878
522175 948523
176887 319308
748418 747151
720345 975876
299504 945771
499870 19138
100000 999999
859672 503885
850798 826696
697885 426999
949709 929202
925868 206722
179474 814912
20346 226056
250313 793485
507776 648484
93304 581134
258449 782200
360787 143079
487658 179292
204064 118571
214711 300171
862817 612809
837151 126681
372811 995851
531670 438602
118795 841450
59799 556154
145662 62613
690423 47207
994121 12977
276159 514458
712239 48233
724024 449102
274715 936161
358844 788678
400049 330526
171218 250707
185808 737727
8972 8972
835666 437579
410138 313644
340842 891249
287589 644109
832430 379258
161113 358241
842994 411534
459459 400022
945074 991034
426587 100000
416490 829568
372720 148879
352112 932631
820727 169645
257583 733813
459691 300566
599945 943125
285652 928871
643070 66767
444264 607032
773070 719567
568774 565791
337923 196413
538176 557179
177814 758128
86824 264201
130773 563513
462565 895460
412026 331226
901590 136951
496856 664444
123250 488489
433454 998053
814367 909625
872286 459235
290478 91550
465327 919099
500091 359953
953478 556642
868706 105336
323182 420800
