878280 995784
271757 606389
381766 68544
476200 538137
833768 945319
3706 781977
810704 354250
889630 911912
917919 121588
382360 320286
559700 510049
920848 994970
452907 463286
968383 660648
764291 837776
104774 911426
516910 997542
996258 392154
229333 277240
771929 905117
881025 542404
884793 805921
392978 162895
994105 812354
181737 613522
111439 728562
386480 148486
238038 855053
250796 85384
204783 595913
319289 28911
689525 67433
205725 839187
959912 800759
13325 127942
758248 952164
409572 300911
139139 189727
327654 863235
511031 2841
543564 441384
204268 276709
679436 118784
694816 383773
222925 940569
206151 214661
464195 891591
631046 513323
981793 692302
941906 361905
315127 781715
968249 450425
227657 138294
780680 224158
586659 250537
694407 722643
758151 173387
40791 152156
339147 98350
968291 192869
692036 403963
596365 847872
876539 793145
85965 802545
234798 476824
493878 252809
200263 595807
388085 398836
406876 782623
282792 885038
84961 882634
140689 948087
911379 831929
985040 216152
244127 587500
558776 633473
401406 572517
296140 495319
102805 393270
76250 950333
140830 285673
23541 738188
569981 812025
783270 486350
14150 301725
788130 275320
883848 640175
932860 679062
574538 193308
413235 573483
539925 736614
842307 606580
738519 490765
237061 553988
586922 341795
724528 533439
587954 541321
97668 566494
356011 118775
14507 593762
