287893 266531
259548 877873
508480 705522
398921 559214
470154 957533
937101 97359
221203 995448
208289 199687
210197 633939
957258 788946
349148 43417
990398 363015
97882 60327
107170 957517
603858 280860
755085 83718
53204 432149
296714 264283
438 644415
325216 953066
27586 598563
567256 849976
494638 648314
87552 717500
691863 40431
479049 811845
237353 532945
283777 241072
99271 653841
964730 235701
963133 541726
402460 527659
870343 749444
970838 712209
908221 11150
439313 160848
649610 436750
722277 257868
133557 660907
528859 33200
404254 856040
618595 229037
613024 190770
359557 213235
206046 47435
187669 483332
579054 61358
555358 653944
271521 731631
563605 744199
2457 436389
261576 530482
699095 838489
341071 552958
271230 674186
76542 260312
854504 838788
548823 573668
178417 244787
491675 22450
968196 298809
850732 246986
15362 171345
822150 330219
866016 411057
273307 367999
804798 118285
314899 133656
783034 121354
598475 856140
578841 940762
649602 368501
352521 246130
240147 557573
616457 340965
346046 472713
458252 805297
666565 103662
111546 102542
966956 128231
853081 505823
965416 124815
637794 271571
722029 364826
953374 91493
307900 467246
72657 695822
741803 116178
549170 244524
602424 350174
505108 807080
78751 914007
763875 422982
853831 546455
488360 297384
106110 379734
155597 355794
467915 498788
481462 676393
592174 56156
