79726 63267
7034 14916
74693 22629
79861 32561
27256 72762
8318 26051
30189 75691
56548 22666
31525 46296
24349 30423
36368 26029
33612 20022
82395 40007
13060 34195
29544 2787
7462 36579
17703 82156
59208 7565
24717 86465
80327 33036
22517 20517
18727 79065
43184 50253
35361 88620
43655 59711
29044 80023
85740 62656
10046 78136
12664 23107
22331 42209
25894 29794
78788 43598
21950 47997
51163 46668
44462 41490
79704 66980
62008 8432
56046 15192
58686 1407
13813 12341
61119 42857
2365 56859
15514 12411
44996 28178
35519 67327
70388 61413
7121 59176
15011 29072
17173 66174
75741 61636
17665 65446
38616 79674
73879 4663
4867 42565
6070 18680
54907 67190
61537 57273
34049 77051
69684 79045
15230 15203
56373 85619
76617 63495
54795 1628
2568 71968
67803 78309
43605 85469
53756 82222
75143 37635
86885 80011
80200 2956
8691 45107
70146 70228
12380 14196
57280 82065
3242 72511
7269 59615
68130 83887
33111 32926
85515 35679
14895 63319
23989 58500
58789 77746
50722 43933
25381 47607
33944 15581
50564 42635
60689 30710
22864 73070
44906 80145
65136 48148
62657 72405
17764 40788
66292 50875
73714 61808
86555 88609
35128 20545
57109 3918
8291 17832
47851 33672
65440 81796
49254 26004
34432 19944
56714 57297
3014 11621
47443 68150
59769 20100
50556 77534
60889 26849
38409 44603
88657 34965
43213 33786
55510 10323
37704 63801
28155 85556
7474 3596
77353 56728
29600 21785
76673 86315
79083 79687
7936 36526
57838 67706
56627 18394
55240 27516
45243 3650
72120 43901
38616 25333
77688 4126
35656 25393
67928 63812
20949 75402
67408 8303
42131 7009
30089 28804
3324 19172
18492 11261
55699 76330
78968 22326
4725 44209
49843 49969
47860 31964
3871 86476
57298 81559
602 2954
16952 68531
66767 37901
53933 44176
46205 6065
51185 76294
34870 54510
5466 53363
65772 61166
39694 54740
83492 44419
8950 43336
4388 56810
75301 8260
53286 42599
45554 16771
32419 22321
54673 86353
66498 10878
2419 27683
87172 37289
82194 2639
653 57966
63805 40347
22707 57298
84766 31657
10635 89155
88467 85936
7415 51754
38535 7235
15643 84089
24006 48063
16411 78679
44416 82909
89558 46836
20593 86731
84126 12787
89370 84779
70754 63176
35126 3462
30474 29893
35119 41109
29048 33587
37045 36464
85342 75581
43699 10985
69670 67706
59048 86081
56386 13464
78990 55944
60301 9583
52675 54427
22371 52046
49206 3126
25222 84333
6588 55697
24226 41708
6806 53275
75296 43852
89739 70638
29434 43439
81623 9104
21145 50671
5186 77532
64136 84177
43476 34437
3760 6152
88864 26132
58199 48071
29258 83422
42404 35846
49119 66630
77555 55926
29905 62851
9779 29645
43489 39213
73085 35112
48317 4231
85784 53504
81763 59920
47681 35240
4358 51441
41393 3223
77574 9592
51295 16832
3015 3699
52679 52134
70330 40235
18060 10236
13086 27839
39882 56576
67052 22968
1689 25370
27199 87473
78874 18963
57394 36556
54203 61753
87998 5597
64976 75572
15190 26271
2405 18205
29971 55085
70339 10302
5320 88400
20538 18406
26240 60421
74982 3293
83389 76672
28664 20588
74145 17539
39552 41540
54095 3756
13293 52093
9353 78270
37665 24543
14542 40071
42749 44513
5156 23089
54816 10476
21489 75354
28883 47729
45776 13866
51023 39165
538 79687
59754 74684
7226 9306
26224 61321
13062 39517
23415 22416
27787 61081
46960 42329
11152 89709
86843 16309
22799 51659
26786 44288
37014 55669
2018 82790
69536 53041
31956 70074
42729 1710
54759 49955
11017 80983
21277 24080
30501 44692
46497 58289
15773 3457
10619 26926
3167 7462
43235 25966
59122 70021
70255 6137
35690 72274
88928 15227
35316 30884
85302 78045
32595 50061
38001 43612
41044 59278
67693 71546
13971 24190
39835 29745
27648 50454
56671 30815
57917 9906
56782 27039
79927 37037
33176 25618
19311 32104
40846 54627
62989 36148
42672 5584
86209 80673
49197 37254
49952 26890
18800 63923
51081 58636
3668 78729
19090 60340
19545 77008
70246 76327
14047 60174
23364 47224
85793 42675
79329 36639
7302 52319
72787 49975
57903 68997
40649 17101
16251 601
43992 35052
64525 5073
3688 68194
83803 22779
38534 13348
9787 18781
89675 23835
78955 23039
71060 74748
65715 60389
21388 73017
22709 4175
32993 80612
73172 73642
7714 89424
74244 51706
34476 48770
56779 38165
26964 50582
60944 65499
63930 70732
84280 63605
4567 73236
86645 75627
57985 62360
46017 79373
45378 68726
83549 78371
59339 66721
62014 67053
66145 46258
28759 10622
5029 85539
48787 31993
46122 19731
7493 20053
463 1773
83658 5031
75010 80304
80659 42995
52664 36676
32369 8043
15403 25918
86414 74743
2639 58429
51796 68785
14688 80556
79407 19717
76096 38194
51710 32218
57926 59203
52271 58390
60977 45930
63422 45987
36234 54081
88983 88899
758 31353
6942 16161
57271 3357
905 59911
61786 52702
38697 76474
43258 28104
6191 29355
66299 57902
61573 34226
27106 23844
2617 88084
69775 66039
44071 16009
30120 43055
14909 30878
74408 21851
47040 41680
25208 47945
11591 86995
10647 50288
73469 53906
78393 79661
83261 54693
47563 54835
88919 74670
78680 1536
72754 58455
67575 26826
74465 7696
69881 89374
38574 54290
21226 85615
5971 46435
43561 17562
43430 54209
67851 26900
18115 56245
16561 11377
20938 64125
66212 19858
48795 54892
21394 31549
23348 88970
58375 7813
6666 38257
7188 45241
2548 28414
40856 8519
74850 84418
26082 28280
48627 3934
55180 66742
60179 71742
78120 81118
45867 54333
10976 4663
19225 32370
36213 42574
31341 4589
50387 38007
42847 57575
83249 45395
85990 34105
53915 70840
28524 79997
9121 77151
83931 64302
53894 54111
46044 42014
45229 1912
6347 56205
6576 25573
88576 42789
68148 29917
47378 28535
67924 226
86111 61173
45621 82102
5279 9537
62943 33803
89534 72064
20955 83466
46367 74849
47578 2412
26864 2807
4324 33212
59013 10901
58785 57589
53690 36934
87506 11069
65469 65431
11295 61581
36605 56917
53684 41884
66454 26627
75688 65989
8692 6643
59456 55059
81493 17034
57471 18357
19842 61796
51569 78855
72697 20355
46444 36388
57289 43951
47457 32759
19382 58753
4341 55987
25671 58025
7872 2126
84653 83561
68116 3345
205 37572
58405 81698
54607 25876
10056 74450
87672 61625
63305 70370
81981 19750
16758 49271
63702 64216
82030 83084
32969 86371
49072 58641
54397 56944
60767 49050
50506 38883
52396 50711
76456 20801
42409 41063
46677 52465
25514 44350
24091 88819
24720 16073
18570 41479
65344 82272
15695 57374
75357 48665
53746 34429
17306 18144
1374 78074
67195 51880
26958 29591
12591 13414
50392 55001
54478 7070
17467 79992
51421 41559
78812 76142
57632 7382
27621 32977
89655 43317
352 75012
1982 54099
19442 19289
72243 20816
7364 49438
72697 34322
79030 85289
47737 39423
50291 12216
46494 67758
2209 7915
19318 81021
84058 76951
88404 21679
19928 88060
64997 20280
73072 66980
74379 2515
86270 56623
23331 3634
16062 6029
37957 5092
1318 85695
44515 51609
7911 1009
29368 10121
8925 48686
1143 2983
35638 89548
24663 55566
87608 89660
75847 70681
66640 60227
73196 62910
26850 6528
66545 42912
12557 14502
48004 13875
10198 2520
65484 18110
3530 4853
28231 12455
53540 29374
15439 89178
28922 40102
54745 26531
39763 40593
7212 16404
10820 80409
79314 37671
86937 55860
80583 9494
70363 38588
23370 80561
41109 88855
8671 44639
3708 36903
57095 57249
66277 72535
56427 5200
22637 21173
31732 62401
61766 38945
78805 72587
29354 68120
20258 26292
33980 10842
35787 14343
49430 59157
4905 539
58012 13577
45179 61721
50480 12274
28970 26758
84809 85398
31959 17447
16572 63691
79849 78339
12636 68654
60926 41991
46774 81185
68283 80755
2027 14070
5099 51458
73227 10005
51998 41240
23582 7177
12962 74062
19452 41932
10821 14262
37331 42780
31710 53903
16472 21559
42242 29108
213 13168
71099 46988
4354 49382
37744 6381
63453 42843
57839 46680
52848 19837
87921 76431
27015 10883
60494 46467
52815 71315
60730 147
24096 2440
54050 40568
23999 6292
69677 24213
19461 50777
71202 23815
10160 18946
30197 73613
61790 88037
30294 24639
17875 28215
11070 44890
39098 71565
1358 1914
52881 62088
2061 76977
64528 56111
27546 88528
62404 7224
22741 81865
58001 3944
15681 68161
22890 45878
51775 84680
43916 82069
19320 61791
20284 30391
16681 59383
11956 18039
61297 64837
80128 63358
51814 54656
29469 79361
53185 1873
86585 75926
83739 54586
79870 9421
32748 12761
55300 84524
7442 9216
76593 26762
71007 6878
57153 87689
66261 69109
15729 37558
43947 5857
10917 5761
60514 40387
85123 23699
42261 81708
9626 36000
46295 89496
45421 79044
12258 10722
73568 19700
19938 60162
46463 945
67040 13616
88635 43302
82726 14364
80861 36673
20221 1778
42435 80735
42165 37558
14434 84426
29267 24061
30427 75563
23558 75849
64607 35816
86571 48176
55517 16509
18338 11980
17455 85379
25597 16090
38681 18324
30454 29543
54997 50676
31321 7433
41412 73486
44992 55847
67913 74260
79908 8340
59823 13466
84189 34430
49282 80760
82607 14799
7270 10945
26780 24725
6325 52377
40816 45007
70701 71270
74550 35699
31947 15871
43133 73359
89358 88125
39206 67272
72385 29114
75612 42208
42580 69802
76639 1863
60563 69246
16663 67833
80192 43443
2559 86518
5821 43375
41525 76523
24645 26076
22222 56592
41948 65355
39952 41306
63481 79158
18579 45866
18272 4191
88075 60853
73993 74715
62716 44556
53962 79380
22390 44154
32823 24949
40673 38644
68324 82199
25167 2970
18275 47390
59563 60223
22746 9515
11530 86227
88673 30109
42094 16946
34301 40169
77800 18294
24884 50517
62851 78846
39897 85241
33001 72721
20190 73675
21366 88515
65874 46533
1485 84149
3924 61048
54373 26670
70563 65903
22898 69237
6013 64992
86184 40314
15162 73984
58609 40047
34502 31460
28893 74399
26702 61895
57121 46893
45570 78487
45408 21444
35021 46894
15594 38945
17942 69967
65616 88506
45871 88514
67743 51884
63506 63928
2198 78669
47913 60807
28716 82415
2268 57610
66815 28970
29505 33936
75864 75076
22423 31273
6521 57445
78167 22116
6390 6109
2083 72007
4616 47954
70521 72360
9838 44028
46288 12037
32697 4201
72844 61413
86616 75112
29023 63432
14083 58529
7368 89948
43606 29792
31221 50128
87237 19388
72244 3628
25498 74327
75635 30114
32282 56157
12474 42120
10186 58763
54158 42883
62964 37002
14297 59581
22115 43321
33013 36199
11851 40382
36147 55457
70174 67368
15585 67412
86757 87829
71040 22255
72157 56676
52370 14439
22833 64845
56560 33019
33608 20718
75903 6572
57721 201
66153 79837
43522 9167
26036 55373
49549 62184
20831 29724
39552 36416
7136 36310
34246 78177
58566 16404
44853 20936
30843 67687
85781 87404
10707 29390
18123 86610
35962 75844
86812 12116
65682 40334
21284 1718
5708 70833
63902 26539
10557 13455
62956 17694
49766 7203
5871 18332
23607 50725
39268 54451
28412 35050
51855 39120
64440 69978
35731 10403
55823 32543
22520 31505
72877 43804
33224 78586
24638 7127
15125 35196
20583 78082
52890 70349
85285 58762
88681 18893
19487 37950
73344 47900
73000 35200
87020 47441
15178 32751
57844 71002
65295 80365
12508 48172
34169 45732
36759 58807
52860 51885
4003 73443
39967 56894
53792 35253
25656 52474
54146 45143
424 37490
3043 73425
72690 64
30866 87869
32816 88711
68872 8111
79076 81380
56284 23246
37113 3043
82053 89973
54928 86057
73417 4895
52951 37210
40149 78607
89684 4295
33751 109
41786 36795
73534 24477
36859 14401
22347 69676
13112 1219
77787 2189
82599 44071
25435 29713
47115 17489
29687 12043
13546 13104
16939 66498
50314 57088
55106 49999
61384 88857
50108 13171
35652 33643
37648 72512
48044 59995
52188 61157
61214 39976
63346 53814
84048 88781
83528 41163
16270 23215
53207 29817
36319 70146
6315 86634
37235 61422
46633 8620
60279 6742
21791 5932
40385 59439
78445 88429
29435 40634
59587 650
80610 32933
54465 74658
31714 47993
25821 47985
71208 79028
77803 17527
59175 84118
14161 6411
55540 60795
15031 25820
67537 36823
31753 17922
6263 20198
16352 35698
60832 75939
36349 51442
18872 814
36101 50587
48807 61923
8573 30015
50952 86376
47543 20127
80495 61705
26539 46036
32500 41571
71857 10038
78394 13610
27960 84658
33808 44313
30357 4641
30252 66706
56084 49125
67520 2185
9713 26327
64108 18287
56343 25061
14664 13887
45189 5159
