7417 66242
851 44641
3398 53278
1846 96114
8666 22633
8570 92729
8841 24225
6828 35001
1925 2415
8270 39027
3458 37894
7118 87753
435 72061
2400 97120
5688 88839
166 48763
2641 87626
8184 90779
6669 13803
7657 68838
1079 72297
319 52545
7799 40073
9663 19992
456 16206
1712 5570
2942 45619
4713 71022
3836 28977
8923 30842
5087 18199
2927 29705
5160 92989
9272 60219
296 14317
6699 44534
9530 74552
6369 23889
266 93043
3493 69445
3707 40782
6691 59283
7777 87172
1654 37970
1197 86089
3539 25971
4671 60335
5398 69170
3632 90506
112 50926
9842 96186
7951 95114
7608 89236
32 67513
3735 95882
8850 36980
3647 9749
8488 44426
5741 25677
4307 30116
2541 4360
4490 71400
7535 22798
3965 80543
6394 80544
9164 79086
6193 81898
1020 13895
124 42635
3773 10592
2599 66756
1725 89841
3920 63789
1278 88649
5680 93037
5505 99029
6213 51807
6360 20288
4005 45428
9403 80881
2857 35868
900 40823
4385 30052
7472 75879
1040 68643
5472 65702
92 65024
4336 92340
6779 47223
9733 93856
3722 33581
4469 25315
9288 41146
4485 91871
5013 83496
9607 46805
157 85949
4150 87148
8305 84348
8321 95464
