1 1
2 2
10 1
69 69
100 1
262800   833064
292918   721012
928658   134272
910675   16576
583649   688471
634812   420266
427883   953644
236459   356792
651012   54731
952187   110238
913907   702535
848858   223280
308995   29104
875551   794374
783751   426247
848016   934240
880036   322317
963411   831169
498772   756816
282830   566822
492110   99136
372545   137719
71992   423373
687183   109507
823424   787851
17314   419435
78037   64489
752718   523975
127131   186116
937277   315267
493198   134579
288850   188195
416032   68595
846729   454500
509773   380611
934239   346244
503109   38508
687635   174708
327664   293846
917403   656499
608116   596376
332209   279607
701885   494074
61277   320301
296883   485407
510266   198215
168664   492251
641242   160503
620015   12979
100947   986537
600703   292454
162387   161764
824918   446245
217437   256948
549648   326314
87915   723626
194086   403284
61427   683712
172711   796281
626627   692442
331781   213769
213143   697267
364765   547821
196541   372706
187198   754812
769287   469206
552014   305104
783795   667394
331597   461023
934336   872146
613774   852557
847049   906870
352379   645779
932175   20321
700885   667431
573793   248436
503049   283810
1807   716820
715452   149691
413395   754913
561525   933356
205830   581716
86221   885548
965490   224911
20295   236596
975024   391919
655386   923803
167095   972477
559122   124338
733631   271803
249023   662172
537860   503764
43182   774234
56126   163626
890409   929627
440954   622443
206129   106951
549543   964282
590983   505427
688900   640534
