900 999999
200 100
1 999999
200050 415555
733185 878223
526034 637276
617540 907620
257012 763802
148180 801564
99594 913269
783123 964759
625578 635847
22178 752015
775669 887893
188281 531918
284247 690243
27502 808298
169743 988398
94434 701467
193323 277499
502244 971773
553636 737013
521541 609874
830537 913455
908920 934191
543185 881652
688106 768986
947389 987118
694733 787865
504350 585833
556837 962829
450432 849411
330756 951842
877744 934324
251688 393391
306836 319709
4676 227555
185789 619941
59517 482384
96692 391215
301236 961329
69059 635134
786156 847975
247509 967909
141598 208042
125301 791407
336997 963600
52695 169158
446397 563054
664869 879638
731224 817366
511129 896619
735575 767807
391383 869129
32342 195958
68559 134561
639799 700498
48324 977880
689308 809909
415039 982320
824339 925110
160866 444422
579340 703107
552775 652564
837353 939153
395690 586766
639471 897877
866156 903402
93857 593803
272193 599111
838112 840205
956348 975210
131966 705529
44255 406478
628651 836241
9384 39356
76261 31840
15291 84107
55362 32740
14747 52817
44388 26641
18302 26961
37492 36023
11676 89763
58041 43569
12542 9656
7176 42098
18678 85939
70403 23816
7897 47701
43473 26270
14916 12897
68534 27848
11171 33942
15110 14822
9903 55933
19569 468210
75817 80680
981693 988488
137242 474074