1 10
100 200
201 210
900 1000
1 9
99 1000
123 1234
333 444
999990 999999
1 99999
34 67
90 99
150 290
300 500
1 1
2 2
3 3
103784 74821
322625 348531
83097 36160
370932 409109
931051 896547
889083 866164
907262 946174
991544 981385
885587 903790
244419 226576
539126 492168
227496 252374
616032 572103
929557 930848
808637 779094
654623 641194
449726 419626
419376 467147
304857 334313
893758 875498
409758 421660
762630 718555
181206 200234
8847 42930
370190 367086
347605 305872
315223 343604
491907 465424
950606 962775
178455 213628
415170 368130
206858 246509
229369 229478
270191 231127
649588 643372
525321 569653
660779 650572
751199 774224
525171 559217
964393 920860
180478 180666
839739 846293
857519 854353
99024 92111
654989 678087
615899 584633
982897 951968
987922 971932
570172 524367
595828 595983
4258 14976
462598 494959
176121 133722
407415 374809
349700 375526
947043 944256
297200 284768
641959 597733
469555 485821
200934 195696
718512 711430
809946 773254
915267 885870
440141 479862
161371 119290
593695 572702
257114 279460
892122 903753
103637 74193
437344 452092
831833 815981
298257 341153
282373 253515
359027 338773
145933 195616
539243 556345
539564 582925
277967 293816
634562 644752
47842 35069
504705 527298
580046 584997
100926 102847
946245 952109
911257 864110
126693 175869
830059 800133
147743 121830
936293 926032
861864 890057
146450 125906
763875 738245
338040 303531
264938 254323
901896 909200
751464 781478
849065 851939
826630 777822
311079 325394
827073 804272
252223 256613
