1 10
100 200
201 210
900 1000
10 1
200 100
210 201
1000 900
1 1
2 2
999999 999999
933390 929050
54166 8525
60701 72931
12798 59415
589720 597603
326282 336680
13005 152830
94433 145482
42465 51503
133356 90702
243983 245661
306294 317361
101388 31402
165410 189319
149447 51368
729761 728113
64719 125390
76704 73257
892085 896772
455603 446102
105001 151680
685220 672707
5106 39205
134656 25935
95708 109429
96898 48770
65759 99339
126888 104500
277872 286972
92808 85365
71565 102198
496569 500076
19204 130602
46144 95228
30309 129279
441955 447574
233945 231549
534009 506561
242967 258857
523579 510515
38655 136800
141953 131411
67985 10688
256245 244556
36193 141332
33379 14181
73264 125003
17009 110207
350730 319881
149914 93354
70388 25863
395839 379061
331080 343162
114723 145920
7617 14315
337827 333771
233853 226483
41996 78715
3556 14973
144852 158944
33561 55617
55185 47578
552057 546385
26679 88851
391901 393523
93194 76101
61035 87625
26249 50602
395717 397654
898057 889567
142318 59696
18619 71706
942470 940722
150661 127943
142329 125331
8994 50583
173492 166820
153030 12717
276767 271094
527719 515885
78568 93905
118600 74720
120281 107684
105835 152587
262002 269268
24749 85420
56240 157671
128845 131778
60284 12859
