1 10
2 50
54654 78506
1 1
5 10
94458 153247
48328 515640
128088 801767
516714 692609
389579 465340
609097 321307
858608 898356
242744 401075
306104 387739
562345 993380
4019 1066
73879 4663
58688 52560
4065 20680
34907 77389
53464 57273
34049 77051
55789 80045
27231 27213
76373 77629
76627 63397
73797 2627
2767 72967
67713 77319
33617 77369
73776 72222
77233 37637
76777 71122
71211 2976
7692 37217
71236 71227
22371 23296
77271 72167
3232 72722
7269 79627
67231 73777
33222 32926
77727 37679
23797 63329
23979 77711
77779 77736
71722 33933
27372 37617
33933 27772
71763 32637
61679 31721
7611 7111
9611 21111
73 6
73 711
6482 9966
6266 662
2469 9609
6966 6266
4922 6962
6008 9289
6462 9692
6696 9606
8696 6996
8926 6009
2096 6029
2806 8944
6696 9492
2089 666
2642 8629
6298 2262
4662 4946
8996 6264
6846 609
9290 2929
4922 2284
2680 8626
9486 6464
92 4629
4644 4249
8696 8600
6068 824
8469 8996
4642 9226
6298 6662
6062 6264
4626 8424
6628 6269
2242 2402
682 4600
6988 9622
4962 6444
8889 6426
2060 2826
6996 6662
8999 482
6926 2629
669 962
6044 6224
20 8