1 10
100 200
201 210
900 1000
1 999999
999999 999999
10 10
200 100
1 1
216221 883394
751141 728515
411801 454502
598374 71648
68736 209364
557524 871710
23886 412959
308527 821447
80501 888658
818557 764245
30707 613523
980614 312014
754670 112385
575655 779411
281955 252844
934070 685035
833214 843843
180485 349099
126156 719492
212619 802828
180327 389087
24906 185463
620699 510885
778384 549182
18167 324104
230898 919855
152158 189233
69763 112303
600781 745218
79961 103412
699674 113104
384643 296297
432549 544636
614722 225546
72897 932193
406996 760130
564271 429678
155117 649822
460781 865093
207553 966815
333024 702077
437285 141051
538734 593353
218228 540621
151144 392843
705432 963127
198951 199835
5163 676358
595240 208531
365182 364063
692409 955356
146682 222369
97875 886347
741567 632798
600921 914823
160167 67621
2553 978403
75585 811816
593700 222551
215791 503338
606944 789496
140331 580238
365361 746175
325258 300903
89742 178177
761046 783991
500840 159572
800129 350304
893339 197451
82983 582801
267644 877362
37028 837172
217503 99302
646802 208196
496963 307146
105931 101526
768478 56358
203310 882337
782539 730239
192988 517579
803491 64343
727627 534441
199866 747754
680726 961574
812324 880563
277506 569693
628111 636011
536202 693323
885707 526557
181258 95001
543360 143815
721616 767222
934478 837082
537904 686546
844095 233798
542087 409787
443994 773039
165426 996078
868502 21052
201732 153286
