1 1
1 10
10 1
1 999999
999999 1
700000 999999
999999 700000
675763 845729
122025 174290
23533 482926
456584 336886
781367 58986
552616 239547
94226 979797
951283 136249
428065 13550
767426 192542
633908 792035
807858 330292
654366 472544
835995 935222
288680 291171
637039 817122
363685 525035
331826 731879
392822 870184
604451 842900
265809 444091
145921 238335
277682 434513
456121 857434
929564 926949
66880 804373
854754 565381
142340 846730
844444 152639
909939 851686
256303 992851
832396 848138
958694 602736
878671 151408
799823 680457
906497 744618
941597 815879
527363 638956
94221 706428
761259 529222
727958 30661
987213 94983
731642 474294
414460 61129
53865 825074
435582 888358
912312 668995
677233 722621
681264 31462
2393 833390
800785 865714
166707 328241
70059 10718
695127 568210
910216 295221
306299 616326
982046 944257
792032 426635
376600 779996
993605 924395
754561 360356
480581 532298
128487 56138
791714 74638
530715 476491
164744 982570
124752 286110
174529 602882
175108 536681
381541 864971
116786 552976
189065 657901
651016 326349
153960 731131
645135 866364
268153 865399
848819 516738
835009 901752
955855 624838
622694 144411
725450 120758
80977 618449
921528 517201
557044 803151
554358 206596
553726 418363
239868 449239
778115 67703
89490 261058
268738 356533
998172 183574
853293 490703
108725 375393
978995 401450
95193 930325
306107 329657
310373 956770
749045 586225
687391 742139
122115 18050
41249 222901
583660 716812
656765 152267
937846 100870
140147 280947
126207 493438
725857 207846
380220 289205
936071 49402
722224 565011
782762 477083
431997 38712
116146 638418
698321 40588
681735 547604
405363 88955
342993 133156
667660 589732
555656 51499
161409 550610
694918 570688
262531 689764
290675 308348
476752 117033
59857 918791
36345 138990
112630 653430
989326 687746
591604 822575
14549 624217
178626 74131
197681 787677
140455 841479
346426 919490
470047 865517
885929 134294
966731 651806
694788 88651
413408 227906
531169 343160
427612 507219
303162 379954
416255 752974
845190 297164
847724 173872
903225 790261
432761 176270
237011 79779
926353 139488
147269 355966
484641 285925
155576 160337
384051 243720
688166 628845
992320 817086
792843 723658
835825 73198
290795 324754
372246 706551
387029 646330
754801 253646
186329 905967
887267 78912
370873 695798
519693 210698
419380 541334
710186 78487
99929 315789
272419 514245
247438 610929
856513 899536
464859 136342
999381 475358
760008 769739
527850 647229
927953 445227
943351 924908
144578 81686
985667 957866
879785 849241
647033 477018
109485 854902
222692 23927
448745 459780
317548 781547
571168 531377
816334 542300
922114 77136
727431 638707
761054 467630
923415 761191
176144 726279
377129 755876
10623 675581
489015 25234
387248 622889
913810 821883
178742 881998
397059 848386
803109 636105
