1 1
65467 43564
658767 412809
164121 748181
882653 444613
119359 6252
669140 236561
331844 191144
974697 379792
185354 513452
145931 104162
671539 738747
664494 612725
996615 359537
395313 778557
661150 460328
301250 603670
379938 361644
152979 51867
5957 88083
298767 436860
453102 805536
368569 425185
620237 830880
533782 326729
83248 890887
50399 991441
374235 810860
787766 685390
134366 334785
119359 36676
562349 699761
552499 549179
838934 785197
93220 282250
506986 528711
155530 959383
434548 283264
926235 986072
544154 120192
849945 48711
295332 587674
940337 884189
182660 14033
936030 834139
63530 493988
328940 928945
272111 949376
320625 189214
797754 948216
278716 337295
154807 975352
899441 843368
512895 254079
151047 46853
849918 502913
819697 271226
403856 725328
993040 425182
543886 402109
803015 27416
121072 643931
322081 312864
107154 383478
218336 969677
886078 402550
203154 366610
94641 696019
658015 624477
586829 533553
858535 852978
829469 856918
637174 955919
241487 479685
342191 43299
491765 547951
260802 604639
578631 838958
262675 478906
774847 379220
68039 52863
924092 119517
4595 979700
737445 392965
477130 674588
99313 718713
831743 554653
424368 877922
333813 614066
569074 443528
115284 985108
424208 442530
695886 688164
989995 239152
363223 373586
198962 502119
847749 882349
71849 22881
5786 9845
1 999999