1 10
100 200
201 210
900 1000
977577 985427
291181 598045
609243 213416
808700 699241
583153 163589
101258 699462
790495 115523
762716 652048
403458 288298
739569 225267
356277 617015
438262 66236
197073 750109
994627 801741
545129 727998
339340 771574
860986 512788
763315 126395
991829 29660
843895 474285
20810 959376
830379 921607
389466 819174
93473 938777
592866 105117
836015 357590
706026 459718
611285 716937
296787 376327
758258 961210
934938 840401
170364 667384
60851 492182
806064 213701
651673 697682
431753 507044
531414 380365
80629 40345
240183 165553
924698 591572
314681 344509
894390 388557
527468 328595
197636 304400
381191 37133
582757 299995
206213 611356
426651 65843
151351 585206
758170 407361
506651 458446
264645 594807
10815 605862
928081 225443
444455 620705
328501 191339
999598 113933
798095 478422
421648 697810
583721 142645
404562 651230
729865 231902
427880 541011
697392 578552
593 258603
871094 888638
278079 746697
151905 364216
595449 680589
966578 362525
688611 422450
148627 61740
397916 497372
686624 776514
855687 524532
666159 745921
683919 439840
913342 128171
703002 865218
883819 925126
400605 948217
939806 238513
277711 855058
402673 491748
544679 344560
584572 87046
632475 889339
525679 269799
458793 70186
252974 496235
451247 158703
701368 931167
172227 382833
965514 213863
179655 778331
455190 3571
