1 10
100 200
201 210
900 1000
1 1
999998 999999
500000 679897
999998 999998
999999 999999
999996 999997
999995 999997
499999 500000
357402 105243
10 105243
559264 21
123 456
1524 888542
12 31
65 849
75 100
25 50
50 75
46 64
91 19
78 78
16 19
300 409
305 350
307 370
642 246
82 645
37 98
545 454
273 99421
158 3326
946 500
77845 99624
31524 64528
11 111
111 1111
1111 11111
11111 11
25252 52525
648 951
311 911
62170 12
93458 64285
99643 33758
642538 642195
613 316
1 999999
555555 486321
222222 341
64 9876
64 6457
585858 858585
343434 434343
666 999
777 222
76429 38510
227589 310084
372732 967
31005 310
512 746
631 136
945 7285
6643 98756
102 8402
1586 1776
421421 420420
421586 821587
315428 642587
116453 389
642 5124
877 778
678 20
2 35
64 98
68 7051
623 326
99842 91000
800000 900000
600000 800000
601010 106060
84344 44444
68 55
55 55555
538 4000
60000 70000
100 1000
1001 10000
10001 100000
1 500000
500001 999999
6679 343
4455 5544
21 12
84 8484
66675 77765
1 2