551669	155623
715469	116681
427027	580186
39956	112544
711101	892549
488784	997469
558566	713598
837904	930538
514822	371592
61761	343998
213605	889344
15558	10522
465849	469350
959109	280359
997034	875084
470263	766931
207938	195743
786981	777178
791667	963889
432943	917562
824766	393383
14246	321020
917184	195421
893349	643852
219393	689914
173076	723966
743731	849793
934981	426519
528812	283387
880495	452539
168409	215025
938578	845051
169501	127988
822401	941883
520419	792825
785546	775557
795038	638749
662321	512001
170657	716792
61152	275540
464941	254402
809203	412389
946884	156593
57389	686421
266706	920442
148088	229070
679021	913207
26792	526355
194721	236710
471613	856749
866516	402708
300627	16817
599726	369911
798853	487739
885716	89772
849971	205503
520323	234538
868582	185767
728767	887889
639181	128003
503822	948732
927186	155415
996392	616556
61819	941742
578997	707629
181494	391630
41888	500107
684124	807598
671610	669604
429653	852151
243397	444844
502980	875875
375910	110259
307894	395817
206502	457459
465871	371155
807718	523385
192096	555304
20858	354560
913528	161523
611773	690646
349771	687174
273267	627931
260438	632017
587770	999761
986982	163557
352589	909204
153604	518778
323149	414811
760568	897273
554542	682098
580771	775070
431371	353511
52191	881655
832432	44066
439254	517453
175963	146372
324814	235614
255937	292295
411428	874397