1 1
10 10
2 1
1000 900
86 1436
190661 979885
671095 845269
281197 236479
963511 971070
126254 701954
305608 279785
361071 219846
510008 882559
749960 118894
805271 705330
512820 602083
947084 359299
542450 538302
427309 772666
869280 321145
514620 993206
993207 13813
666541 733280
763173 183495
88253 152370
527818 33281
801252 416909
652269 550354
925445 899832
138274 306448
900343 457958
969562 690522
727853 456257
702921 296966
1971 414464
412808 685395
855214 632826
706598 463212
595665 928241
657068 831684
832025 961167
664786 191375
360991 39651
842909 19826
781876 990117
594165 669446
946728 439987
293973 98921
861583 829859
881960 914530
371695 349697
958117 843661
177080 848707
281352 331102
967652 284577
527352 586697
793271 887410
549328 355200
425202 775457
154378 417967
141376 935488
448457 259113
968742 244733
685942 971562
709822 274629
877800 687467
422653 102967
538744 791297
478049 920270
825184 589192
596023 106786
273119 64855
962816 289761
479657 204411
183183 137051
389944 30526
157269 167722
794031 771318
675350 415838
142754 615237
164283 834184
400423 794205
611079 579100
565945 561228
750133 264943
373071 768858
774264 343269
840706 884213
138564 605463
964330 318914
157894 821383
611711 393895
801140 115781
719798 335416
709738 336115
313568 697465
432125 817697
753680 16563
819358 394837
320880 916839
