597701 88426
951574 250249
289795 808177
465026 281132
76339 622753
749050 930805
237534 404539
12038 585795
257380 276955
384946 855669
166175 812229
940700 733220
368529 110453
294163 936169
210686 176062
870940 716173
936511 36245
406948 652398
483190 730339
620559 334576
775747 640087
285231 384443
793727 627708
122974 964630
703890 102047
37581 780534
779526 442650
211466 593382
660025 177427
501077 431660
743560 931614
383232 13261
151285 444118
428360 372164
753178 881836
906515 321128
203689 273401
668159 175869
799590 130879
884093 116346
242962 231222
577561 667243
68974 88912
136406 42435
581142 866988
154322 517158
626016 345774
17612 566810
434730 96903
627485 242752
60629 194838
527842 143158
650182 638878
494590 380946
898657 155728
334941 150968
562522 206046
243768 855130
827337 827895
568975 256764
662845 415922
248981 804562
36299 657101
502782 91546
508 622218
576710 396001
224888 446843
481863 389001
495780 126369
692356 387109
76586 696731
716867 978988
588735 475787
304644 461166
251320 99870
801978 280843
900165 805872
836306 602599
196433 781268
72472 191039
830305 432826
259330 32891
327100 109306
164726 509714
271139 154283
283056 476376
376975 162289
391964 300617
858076 964798
133387 775466
969838 182133
799016 828997
436776 143227
411417 124826
713045 597191
9378 971959
670903 919018
769745 444051
363531 446271
227846 245828