1 1
1 2
1 3
1 4
999999 999999
1 999999
837799 837799
999999 1
120909 464307
318002 943187
123111 314366
248990 295435
91057 138478
56104 819287
342660 608384
892036 655273
294337 590101
920402 937745
108008 530352
864775 899082
992498 804742
85609 113342
359359 983651
976953 300988
838481 694120
251129 962680
562353 845321
918205 745432
246257 188303
432578 567666
741671 415071
911206 448056
974445 115177
485684 916312
161605 20799
893157 498345
817531 970729
310474 358690
474116 80590
795022 695166
502924 329590
722612 858014
373707 437947
817558 725688
360172 539553
152729 547235
920652 927831
478509 902826
233549 479391
593289 66295
4232 568382
672497 372692
472484 924740
827206 93133
912449 170504
181000 62863
540771 751026
445512 599382
765290 177208
310723 196638
239515 71409
888875 656632
310480 476165
140127 760854
490409 59698
385262 590147
243803 826378
240604 662324
391511 426808
574251 663625
629736 198049
126769 63618
736398 825782
507346 15854
940888 971860
509055 945009
608349 474701
71349 407335
485925 294914
225113 745365
953601 232797
867068 894189
369547 493779
701955 260588
708674 38659
755478 870090
144160 401718
594746 722697
270393 101536
525718 263332
542135 431483
653852 247571
549152 318394
911385 696367
497461 538453
966863 26750
332422 938520
954645 485718
606316 713579
255591 213621
946118 290663
736434 76832
522804 438478
149898 248177
638639 122132
985516 929814
61750 406697
367317 547586