588747 515279
545239 148695
778003 398592
748075 171157
533175 190477
652681 491441
975306 542261
182169 114247
815331 732860
903544 718395
248708 849303
54157 849531
115933 436027
554364 798342
90701 272069
786811 804849
634180 954785
360624 921725
276178 478094
150343 626937
423333 423334
580447 580448
222682 222683
148295 148296
270008 270009
807070 807071
522334 522335
730304 730305
481219 481220
749153 749154
248205 248206
47331 47332
966952 966953
305047 305048
100866 100867
272532 272533
549208 549209
688807 688808
968185 968186
394469 394470
175563 175562
747879 747878
678164 678163
948468 948467
218834 218833
367773 367772
15335 15334
534521 534520
963432 963431
515306 515305
983424 983424
262052 262052
21020 21020
494039 494039
671977 671977
966568 966568
734095 734095
681258 681258
621363 621363
168523 168523
289586 228329
899991 571534
448487 752213
251927 112907
549321 893699
559510 631393
79294 214671
162094 578552
735268 131706
24364 591226
581862 482528
859468 159280
681903 978981
457879 10368
338845 690964
713932 431080
720902 831193
313617 541650
804439 413428
935321 655608
525552 317807
491627 816742
306427 390783
579098 496736
998510 403675
707023 420558
212439 768001
88824 144968
212395 48037
972827 732983
961965 505661
740161 931692
557657 223809
180693 77228
821803 127320
790300 867534
369948 502665
201548 903823
50541 332067
957151 817741
