1 1
2 2
3 3
4 4
5 5
4117 5080
402 134
9393 7156
3423 840
9845 7276
2539 8592
2921 2383
2209 5570
4889 4727
1927 1697
6432 453
4518 1845
8984 1607
306 5071
8551 96
7660 5227
1473 3180
3719 5430
8382 8343
2826 4299
2553 7914
8304 1723
6754 2490
1775 1612
9989 4732
3105 1878
7125 4476
4500 6365
2132 1137
7370 7002
4081 3953
7674 9517
9718 6343
6469 5164
2977 9777
9915 3923
7962 9030
737 9397
539 3298
9678 8631
7844 7063
3080 8574
1897 4473
8169 6791
5942 4552
7687 9102
8180 2290
1299 295
5405 4716
1770 1815
6827 7055
2800 2730
5772 1703
5975 2747
135 6861
1178 5826
63 8196
3240 6754
8705 7223
9957 9527
4806 9097
8957 3239
2890 259
935 8172
5532 6721
4671 7532
334 3932
429 5514
899 5697
1165 8404
3772 6917
4480 2774
5336 2033
9517 8544
896 7607
2180 2306
6945 4787
7012 7170
5926 3560
2185 1451
3198 2678
2608 293
7961 3224
767 174
2231 2698
6115 1277
8269 5135
3370 128
3125 2612
9249 5279
2407 6457
7654 908
8956 356
2027 7599
9824 9364
