648520 108140
632750 582657
52590 874251
359827 48453
532853 412400
573752 193725
842119 973253
528438 200707
276113 690397
920076 870230
747632 456815
192102 529541
895541 538364
949810 83419
547860 950883
499234 868165
915930 506482
669799 157089
352143 110990
229413 519780
549790 793842
259333 236425
928595 408882
708090 132198
763295 946448
616894 410626
91693 586208
605088 600031
171764 633184
769039 669465
539735 730053
402806 270540
770307 956719
585808 520473
105288 63430
844584 327322
168471 341058
815678 153506
395657 241375
42947 854752
753393 901796
909966 765064
769258 939282
145029 327424
494877 398191
868678 918861
47272 771574
480803 95293
801916 822148
119020 160489
666716 562175
979182 633565
625038 998864
881468 99366
732923 498909
465843 314316
353975 150768
897004 475724
638819 235301
317744 978505
689216 567372
422063 326355
416374 473726
251277 776795
153681 936351
287534 645736
710963 685181
748743 514871
533062 102671
187502 320782
604868 285763
718287 114148
562897 545704
883780 640593
292155 987173
899719 456769
61529 970748
110997 317137
309303 244016
574921 321787
482608 149226
242817 329360
359156 960768
667451 648325
480221 952824
504931 167853
281601 51748
500615 904729
319661 695211
931956 185898
342148 284886
77765 976609
200046 422931
709935 40070
546852 859056
525603 223863
306425 833569
234762 696299
301934 70865
1 1000000
