1 1
9 1
739942 712346
21881 617186
407903 695084
999689 798308
619329 157168
117520 307371
636923 645873
747323 374374
47834 954582
680658 465827
387426 866495
575011 541732
776003 989528
70545 572894
903235 474285
926876 530776
478324 753519
736863 778286
486207 692780
703657 62906
653908 124613
127641 319018
309494 601026
432250 352996
46223 415801
310745 163890
975506 501429
105069 29122
467686 231744
619974 672504
707196 802490
344365 31516
191781 191046
776919 23612
254565 431290
828423 202038
768856 742378
205206 61334
626590 794323
566413 556588
57529 181005
613675 606507
303018 386262
627442 489741
126124 58907
135472 155994
197750 466760
256367 503063
716498 248772
536036 618644
822426 950679
889641 291467
677688 448607
615691 826479
651419 282258
454081 93419
519777 375971
673624 859245
595220 206629
372987 783560
52214 461347
147650 392841
594953 993225
901727 360042
276592 736897
178322 205684
95980 650801
342459 820722
153825 957931
180204 43320
965438 798289
55236 748216
83211 5684
780516 387278
688645 573717
922308 609677
839065 651945
32779 727919
193535 259195
207044 92263
642147 419022
17433 159660
766349 163689
842927 858550
13651 597328
649771 958465
956836 43988
88153 856065
135547 957439
114549 410118
240906 178597
998123 446052
850396 286471
4765 166106
225167 129666
270828 240029
301549 893893
740315 875581
