1 1
1 999999
999999 1
228750 228991
416044 416074
323505 323979
575839 576070
236315 236808
822683 822711
373035 373061
152927 153072
706129 706418
403418 403807
317853 318042
486839 486868
816534 816798
840682 840859
981720 982026
543945 544027
660713 661204
51543 51898
765991 766087
110152 110429
645443 645507
863984 864342
13240 13505
507352 507440
194387 194476
516650 516740
77646 78112
634648 635016
481629 481981
947007 947342
18373 18507
698491 698951
464503 464887
352027 352226
562079 562465
367369 367427
751649 752126
138658 138828
956332 956729
489928 490285
643869 643962
386593 386878
768275 768389
74982 75004
750261 750757
900156 900357
890985 891057
651470 651755
17805 17959
674764 674790
517355 516891
689345 688980
156874 156604
461533 461149
150414 150058
814252 813840
221902 221819
953016 952798
805913 805689
916846 916373
697800 697406
511289 511034
956241 956108
481166 480989
17162 16943
438801 438792
677498 677085
751788 751344
798539 798442
22453 21993
614386 614003
588949 588530
166439 166277
574462 574008
196882 196504
47425 47052
2985 2597
870186 869844
821778 821370
402057 401566
379782 379287
137299 136816
737144 737067
915256 915152
663290 662972
905856 905768
14571 14287
594342 594258
974308 974053
433364 433332
449310 449123
389707 389512
941860 941394
638325 637843
842094 841919
257633 257412
745687 745316