5 67
67 189
187 197
5 168
59 169
8 50
184 186
111 114
120 134
81 84
28 160
134 138
88 149
168 179
8 76
183 195
147 167
195 198
30 57
80 92
4 25
49 190
12 191
61 132
187 197
155 184
99 163
117 126
128 176
65 94
134 168
91 181
63 119
200 200
87 191
19 34
196 199
127 162
193 199
199 199
19 171
86 131
76 200
155 170
52 149
175 180
136 159
161 191
45 163
21 91
170 194
57 70
147 171
115 164
63 80
162 197
200 200
176 180
17 149
84 145
171 181
190 199
125 167
110 143
188 190
46 118
102 137
61 139
80 99
136 169
173 187
118 174
48 194
122 176
144 154
154 185
69 77
99 129
53 70
145 178
125 164
147 199
111 148
178 192
129 143
50 146
161 179
93 155
154 182
179 197
100 117
146 163
43 155
149 197
44 133
39 123
196 199
91 136
100 163
164 168
999998 999999
