1 10
100 200
201 210
900 1000
86 487
702 155
328 225
222 110
340 722
849 788
718 576
425 237
866 408
500 198
850 211
266 949
54 316
963 39
262 363
138 671
645 151
485 3
13 720
800 135
698 781
313 461
848 308
618 582
390 836
267 513
985 977
298 465
121 8
985 267
487 683
878 291
407 632
364 728
958 789
310 991
196 380
743 588
205 892
700 258
988 478
619 774
956 526
531 895
8 973
678 868
768 469
513 863
124 403
590 365
615 199
572 672
482 348
483 410
509 266
61 140
89 464
871 446
983 488
66 463
12 872
101 665
28 712
71 458
292 936
109 113
522 277
509 316
210 705
699 712
718 601
824 811
83 699
784 858
77 679
753 249
27 673
20 732
11 768
807 646
878 2
977 85
554 20
181 557
937 939
473 343
145 897
13 411
701 982
459 830
217 256
726 50
998 576
636 184
873 614
860 694
