1 10
100 200
201 210
900 1000
1 1
2 2
99 99
225627 74550
283587 853599
11011 125187
413076 122988
328973 258800
609028 286220
744464 846948
949051 378909
478186 71386
988043 601903
964419 975801
540202 598677
350425 614453
338124 774363
734914 86397
935877 883477
441897 982486
366326 682881
370550 629694
342773 743547
237996 569576
170859 948752
166435 909404
139233 110926
147409 888908
206160 756468
850268 709125
918794 694748
332746 200326
848317 648957
929912 682001
912962 639770
230706 20789
292311 819390
339672 131767
766108 340839
971975 274381
629887 764230
724713 575924
798668 227548
781220 71238
626147 610959
502404 41212
289880 686076
249833 985704
736602 14234
711287 508690
723777 256533
206613 715660
210350 904714
475487 444331
664903 387624
452321 41100
107369 940174
158338 38787
983583 36225
905598 105086
641547 339320
395285 818586
934893 152075
626800 514485
698771 295128
596295 847598
825579 293095
295095 189275
477463 855554
745288 504867
525662 512907
700192 358683
622715 490509
32453 500083
881885 972563
551397 348154
432614 344471
625352 205335
396529 479657
252464 486680
745076 312828
128766 35427
136767 337190
507549 903330
182469 998655
771036 87761
114815 478290
533244 858661
362918 474656
159234 264997
124615 3619
973286 523233
870768 349180
358391 654937
126241 916620
934954 388402
790387 409525
975878 66399
984094 433707
635717 597063
274072 280241
552361 882250
108016 501110