1 10
100 200
201 210
900 1000
1 1
2 2
10 10
100 100
1000 1000
10000 10000
100000 100000
999999 999999
10 1
200 100
210 1
210 201
1000 900
4 5
7 8
4 8
1 5
1 2
1 3
1 4
1 6
1 7
1 8
2 3
2 4
2 5
2 6
2 7
2 8
3 4
3 5
3 6
3 7
3 8
4 6
4 7
5 6
5 7
5 8
6 7
6 8
99 100
499 1000
999 1000
4999 10000
9999 10000
49999 100000
99999 100000
999998 999999
500000 999999
1 999999
800820 852383
273466 477600
487807 448434
927287 508258
82158 593554
855468 958574
96282 576138
783368 630057
295984 598112
784618 125831
565933 225514
983028 769526
344265 93641
757944 359594
554288 798727
675024 51846
904299 529161
241674 904420
815902 328816
141311 472641
959530 563410
14149 496328
641714 852752
486138 88185
814523 364436
825601 274934
386285 189674
348489 776426
542902 699575
289545 50134
270 493594
842440 133177
924693 637789
134104 624988
350744 162903
923043 790455
488626 804002
60573 247299
894991 191669
177945 450973
28940 654685
760120 12372
327098 931165
510459 950671
183618 548382
