9024 79818
424572 423023
110326 61405
23607 48566
106751 11526
110625 81427
93919 51967
34839 46619
106217 16369
32208 40098
19222 42777
58546 32194
56395 89121
875418 876754
22463 64338
61959 109528
147595 147989
12220 112640
26692 63644
14280 28829
97542 87319
988006 986592
72918 17944
247501 252340
20234 103193
282917 283501
68878 87309
24817 31879
74152 14092
43453 1756
62165 57987
515975 513523
95514 77652
34098 36667
79064 97002
96800 24898
112352 52013
88920 68214
44104 73410
79135 112451
11063 102118
115291 120889
87283 71469
74047 42576
78445 23191
36465 52974
112909 67634
89788 73986
742274 746577
103442 49195
167145 161886
77889 35059
85352 90570
3660 71147
458180 455184
663714 662067
113158 105302
46038 39742
76312 53563
34268 81228
96635 4357
390805 392084
47563 27143
73662 34627
101084 110583
424330 424552
12325 96100
345722 353854
273300 271723
348123 345706
110887 23617
77360 20161
324905 325108
23080 3661
86787 44087
44956 12285
91822 105570
91059 112087
88125 77793
89098 68044
142488 144875
344778 341717
98869 7550
57493 68748
334924 331836
339822 335348
18428 9623
34923 106922
79986 56092
58921 728
45333 12065
670579 677936
43685 12405
71766 30017
69598 3356
107363 110569
23341 69183
87839 90218
18659 22566
6186 78315
