64 51
42 15
35 48
61 78
58 43
14 13
97 90
69 38
29 28
17 97
43 16
29 3
33 63
33 77
20 34
87 39
40 84
9 30
33 26
9 47
68 76
59 66
67 83
6 51
67 76
50 11
92 78
67 80
97 55
58 72
828 340
600 475
184 369
15 858
590 665
904 363
153 179
90 611
315 933
368 381
29 907
642 860
254 468
503 742
327 953
181 174
464 781
801 647
169 815
525 910
651 448
292 803
778 533
586 265
486 125
645 666
203 458
697 456
926 219
370 424
6071 3490
3689 3595
5402 569
9293 3762
9223 7857
7611 7086
2577 7074
4120 7426
8587 8625
7690 3344
81 1627
5969 6163
124 5685
4811 5121
8015 5332
1776 4438
8973 5465
8184 4727
6033 7676
8640 5608
5885 6451
2893 8461
3876 7164
6238 2814
5989 4128
6157 6221
5754 2477
2584 6029
8313 7546
1502 6528
3077 42477
11117 31801
47941 58500
26727 83526
46575 94167
20533 91659
61569 33377
12071 26396
11140 67309
48810 17280