22212 8515
24265 24798
15752 14650
13333 5525
7682 23458
4871 24599
14255 15454
24048 21580
9229 17561
9562 20615
6798 7591
5931 19673
5769 9417
13000 4109
19248 3080
927 15663
7626 20293
13431 18490
23050 3705
13587 12580
10224 7534
20030 11543
22215 13881
3930 9043
11665 19980
15530 980
21404 1140
21046 21940
12255 2073
22037 3174
10271 24647
14037 22564
7535 8385
5343 2825
5150 19191
11206 21431
17481 10782
3212 13040
14467 22984
6484 9315
11403 19799
11757 23367
9220 7767
13500 5110
7800 16497
18219 12613
7486 23437
19179 5388
2434 5259
10193 1823
10340 3233
12182 16505
22637 2037
12405 644
13432 6170
1814 10140
4750 24969
49 1534
4076 5194
3545 3595
423 8372
16544 24181
2622 12940
15140 18889
18779 15598
20522 17869
15496 19351
8824 3699
6450 7795
24885 1478
24045 10318
22644 2816
24501 1434
16903 3495
4604 3486
17635 22531
4901 149
14519 19137
22347 3129
98 8335
9690 18280
13586 18653
2617 22304
5108 19794
21690 21600
13535 23972
5220 2802
15693 2696
24859 12762
12283 15836
6906 5294
24349 11817
813 10355
14911 21746
5551 3512
6456 12764
1111 12840
5947 19805
13543 10105
890 11195
