963586 963945
267133 267629
618102 618365
507660 508106
797133 797204
151823 151865
248498 248787
741014 741189
644139 644630
92966 93029
761511 761660
591403 591644
224110 224181
771798 772188
278708 279090
858012 858125
240576 240752
487799 487816
37090 37362
388567 388718
867643 868092
797051 797297
498776 498965
42857 42879
236578 236741
719846 720105
78949 79056
287741 287828
154870 155053
625188 625316
775675 775879
527433 527675
558879 559130
489896 489946
235278 235400
853263 853587
71845 72147
526541 526604
90196 90591
662242 662316
442939 443417
391610 391944
621800 622196
250454 250467
786023 786146
408758 408939
442954 443317
695491 695535
910223 910690
337429 337752
970640 970660
165735 166133
404206 404623
84733 85002
884112 884195
697311 697546
291487 291689
382884 383322
320294 320401
349541 349800
968480 968610
161839 162318
986372 986844
685456 685696
810702 811182
448220 448699
686362 686835
412585 412788
621443 621591
846480 846648
357829 358046
775828 776059
976239 976712
959744 959789
852401 852668
212897 213311
591966 591972
39051 39526
447855 448036
460291 460549
734955 735364
35575 35915
669245 669630
579546 579778
783089 783330
414906 414969
400979 401355
654308 654545
243446 243489
416161 416406
352210 352667
172768 173063
271696 271769
974847 974935
758030 758130
304668 304716
830205 830468
101293 101336
369598 369976
796678 797150
