867553 343362
237605 398105
691967 701891
266395 896848
225994 841604
432880 650166
27912 593753
604571 824677
204177 330377
339521 460652
122527 721139
306924 57852
169314 874869
821526 176656
933816 161294
185891 828336
635963 269709
140550 979023
523843 149182
617514 626565
341929 74472
570209 708031
494477 83504
833471 166202
697159 840355
805687 717548
788841 166162
141763 245007
333117 853078
915567 242115
888363 767279
540621 108614
665704 713742
870434 159674
771688 758900
87446 95955
463994 762668
324250 391734
62310 388034
862190 913551
745624 243456
571280 946857
585860 755763
580342 566847
968915 554865
87744 931703
709455 240011
325894 781248
570544 143890
22514 353495
101674 15212
345990 935717
887612 611615
35288 519269
292657 332106
564385 704896
995407 132837
672015 180349
343101 574177
260866 479458
427383 518561
182443 450470
46062 547329
951193 835536
679294 672286
888682 707050
535182 524757
191221 429482
454758 463383
547955 150472
275367 680454
675137 380847
600756 763738
643734 319580
154119 587026
606789 162469
460580 556512
391627 355803
575481 951283
959020 24388
442394 391125
511376 463380
644012 856187
559223 239270
921233 805870
890181 9937
832662 605344
436069 159909
893131 462277
809884 567977
159909 948231
363512 13754
227539 865912
136912 833126
879909 980763
347239 571858
197910 933637
573477 920183
265847 408667
875200 606676