1 10
100 200
201 210
900 1000
1 1
1 999999
10 1
999998 999999
2342 54645
1432 76675
699284 234542
413324 435246
16 2
32413 43526
234145 435143
33456 456767
797867 876765
45635 243565
542654 1
5 6
222 224
432 3243
768 5676
987 999
8678 9879
3214 5676
6367 6768
3452 4352
332 456
564 687
5463 7867
234 563
6764 7855
432 456
265 654
673 1
452 67
341 145
76574 87576
3241 4567
5463 6876
425 673
513 563
456 6576
6537 6588
435 4562
445 352
7678 9897
787876 879857
3 3
132 435
345 456
4354 3456
5466 34533
576 6537
7687 4567
6734 8958
1344 4564
3424 6575
341 562
4562 4563
563 563
5643 4563
657 765
787 976
5674 8987
1432 34545
564565 587587
345 870
5690 76507
234 255
2356 4365
6245 6846
12332 87214
23436 78769
34545 98809
932432 986754
45643 34567
87080 99090
214 434
4764 6576
1304 65460
3450 3499
435 503
736 1234
5634 7565
2034 4550
46 432545
657 9065
3457 9704
432 1003
3459 43506
43529 34509
6097 56090
46 1
46096 35604
43059 63409
132 45
563 7745
100 101
