1 1
68 43
6 49
19 39
3 24
56 73
11 52
7 67
64 25
17 80
84 45
4 97
3 73
87 25
98 23
67 24
48 18
67 36
9 34
83 39
39 56
79 87
66 15
25 53
99 80
19 67
36 79
49 56
78 82
39 38
62 38
96 81
28 38
38 8
5 63
753 427
383 200
147 373
456 709
436 293
988 406
627 429
717 882
638 624
907 187
636 588
138 980
716 127
720 272
620 783
235 269
244 669
402 495
260 940
510 331
941 258
982 129
859 308
138 259
702 204
238 943
719 746
169 272
441 746
639 797
907 609
772 874
642 458
755 756
7844 2685
4496 4951
3178 8063
7001 3347
3468 2140
8957 5163
8849 1357
2543 1939
6115 5449
9657 6985
8112 7310
8498 7626
3681 5058
4879 3539
2144 3604
9759 5522
1957 5370
5615 8303
6370 9583
9116 3298
2208 8430
1223 4333
5395 5197
5510 2341
1269 2785
7230 3797
7009 9235
9434 1069
2579 4785
9663 7194
6843 5517
5088 2940
5897 3206
9578 1890