3202 9664
3968 8361
5345 9636
996 9001
3137 5264
3248 61
9543 2571
2100 6928
9965 8939
9409 6082
2482 3837
3350 3701
787 2433
7243 7156
101 3999
4833 3537
5345 8928
3910 4979
7931 8127
3264 4023
5754 4764
4828 633
3825 3437
3271 4207
514 9802
376 3716
1865 8363
9303 9918
1370 6316
7938 4839
8527 733
6144 7181
1658 4884
613 9540
5797 9290
7126 7791
2517 4267
776 1781
7114 8736
8637 4217
7830 3790
3407 5019
1847 9293
9127 1638
6391 8864
5165 642
1368 7407
4845 5256
3722 4741
4009 7298
5351 7672
5676 7405
9484 5875
9816 5008
1076 5017
1906 9733
6484 8371
1098 556
1531 9417
4179 1242
3562 3835
9884 6153
4934 508
7280 2818
3712 2293
2490 9624
7394 5363
72 3628
3533 3237
9475 9400
4049 913
9367 9885
3432 7114
6179 4442
6062 4163
3614 9323
5629 4148
2232 2302
492 3500
5799 7411
3861 5333
9998 4324
1050 2926
4885 6652
9887 391
5824 2528
447 741
6033 4223
2896 6828
7118 1394
9378 4164
3908 4788
8834 633
2061 4232
6385 3517
2906 8535
7495 8457
2727 3870
6660 3789
7508 8898
